32
793 623 227 286 2 1 2 2 1
147 286 713 623 1 2 1 1 1
345 463 335 776 5 4 1 1 1
415 776 674 620 4 3 2 2 1
594 620 425 463 3 5 1 2 1
227 286 519 405 1 6 2 4 1
594 620 535 387 3 6 1 1 1
535 423 335 776 6 4 3 1 1
773 646 551 405 7 6 2 2 1
147 286 693 646 1 7 1 1 1
668 574 551 405 8 6 4 2 1
147 286 638 604 1 8 1 1 1
840 538 698 604 9 8 1 2 1
1043 690 920 538 10 9 1 2 1
668 634 1043 770 8 10 3 2 1
147 286 335 776 1 4 1 1 1
535 423 319 619 6 11 3 1 1
399 619 409 292 11 12 2 1 1
489 292 551 405 12 6 2 2 1
319 619 227 286 11 1 1 2 0
399 619 409 292 11 12 2 1 0
489 292 594 620 12 3 2 1 0
147 286 161 792 1 13 1 1 1
177 810 335 776 13 4 2 1 1
161 828 342 946 13 14 3 1 1
725 813 674 620 15 3 1 2 0
415 776 709 831 4 15 2 4 0
402 946 725 849 14 15 2 3 0
147 286 84 815 1 16 1 1 0
100 833 335 776 16 4 2 1 0
84 851 372 976 16 14 3 3 1
84 851 342 946 16 14 3 1 0
