19
793 623 227 286 2 1 2 2 1
147 286 713 623 1 2 1 1 1
345 463 561 858 5 4 1 1 1
641 858 1148 463 4 3 2 2 0
1068 463 425 463 3 5 1 2 1
227 286 519 405 1 6 2 4 0
1068 463 535 387 3 6 1 1 0
535 423 561 858 6 4 3 1 1
773 646 551 405 7 6 2 2 1
147 286 693 646 1 7 1 1 1
668 574 551 405 8 6 4 2 1
147 286 638 604 1 8 1 1 1
840 538 698 604 9 8 1 2 1
1043 690 920 538 10 9 1 2 1
668 634 1043 770 8 10 3 2 1
147 286 561 858 1 4 1 1 0
535 423 319 619 6 11 3 1 0
399 619 775 610 11 12 2 1 0
855 610 551 405 12 6 2 2 0
