35
793 623 227 286 2 1 2 2 1
147 286 713 623 1 2 1 1 1
345 463 375 757 5 4 1 1 1
455 757 674 620 4 3 2 2 1
594 620 425 463 3 5 1 2 1
227 286 519 405 1 6 2 4 1
594 620 535 387 3 6 1 1 1
535 423 375 757 6 4 3 1 1
773 646 551 405 7 6 2 2 1
147 286 693 646 1 7 1 1 1
668 574 551 405 8 6 4 2 1
147 286 638 604 1 8 1 1 1
840 538 698 604 9 8 1 2 1
1043 690 920 538 10 9 1 2 1
668 634 1043 770 8 10 3 2 1
147 286 375 757 1 4 1 1 1
535 423 319 619 6 11 3 1 1
399 619 409 292 11 12 2 1 1
489 292 551 405 12 6 2 2 1
227 286 319 619 1 11 2 1 0
399 619 409 292 11 12 2 1 0
594 620 489 292 3 12 1 2 0
147 286 161 792 1 13 1 1 1
177 810 375 757 13 4 2 1 1
161 828 386 948 13 14 3 1 1
725 813 674 620 15 3 1 2 0
709 831 455 757 15 4 4 2 0
446 948 725 849 14 15 2 3 0
147 286 84 815 1 16 1 1 1
100 833 375 757 16 4 2 1 1
84 851 416 978 16 14 3 3 1
84 851 386 948 16 14 3 1 1
147 286 108 816 1 17 1 1 0
375 757 124 834 4 17 1 2 0
108 852 386 948 17 14 3 1 0
