24
793 623 227 286 2 1 2 2 1
147 286 713 623 1 2 1 1 1
345 463 324 981 5 4 1 1 1
404 981 1432 674 4 3 2 2 0
1352 674 425 463 3 5 1 2 1
227 286 519 405 1 6 2 4 1
1352 674 535 387 3 6 1 1 1
535 423 324 981 6 4 3 1 1
773 646 551 405 7 6 2 2 1
147 286 693 646 1 7 1 1 1
668 574 551 405 8 6 4 2 1
147 286 638 604 1 8 1 1 1
840 538 698 604 9 8 1 2 1
1043 690 920 538 10 9 1 2 1
668 634 1043 770 8 10 3 2 1
147 286 324 981 1 4 1 1 0
535 423 319 619 6 11 3 1 1
399 619 1267 185 11 12 2 1 1
1347 185 551 405 12 6 2 2 1
319 619 227 286 11 1 1 2 1
399 619 1267 185 11 12 2 1 1
1347 185 1352 674 12 3 2 1 0
227 286 814 544 1 13 2 4 0
844 574 1267 185 13 12 2 1 0
