12
1 187 286 50 1 0 10 2 147 286 1
227 286 1
1 753 623 50 1 1 10 2 713 623 0
793 623 0
5 1108 463 50 1 0 10 2 1068 463 1
1148 463 1
6 601 858 50 1 0 10 2 561 858 1
641 858 1
2 385 463 50 1 1 10 2 345 463 0
425 463 0
4 535 405 50 1 0 10 4 535 387 1
551 405 1
535 423 1
519 405 1
6 733 646 50 1 1 10 2 693 646 0
773 646 0
7 668 604 50 1 1 10 4 638 604 0
698 604 0
668 634 0
668 574 0
2 880 538 50 1 1 10 2 840 538 0
920 538 0
3 1043 730 50 2 1 10 2 1043 690 0
1043 770 0
5 359 619 50 1 0 10 2 319 619 1
399 619 1
3 815 610 50 1 0 10 2 775 610 1
855 610 1
