13
1 187 286 50 1 0 10 2 147 286 1
227 286 1
1 753 623 50 1 1 10 2 713 623 0
793 623 0
5 1392 674 50 1 0 10 2 1352 674 1
1432 674 1
6 364 981 50 1 0 10 2 324 981 0
404 981 1
2 385 463 50 1 1 10 2 345 463 0
425 463 0
4 535 405 50 1 1 10 4 535 387 0
551 405 0
535 423 0
519 405 0
6 733 646 50 1 1 10 2 693 646 0
773 646 0
7 668 604 50 1 1 10 4 638 604 0
698 604 0
668 634 0
668 574 0
2 880 538 50 1 1 10 2 840 538 0
920 538 0
3 1043 730 50 2 1 10 2 1043 690 0
1043 770 0
5 359 619 50 1 1 10 2 319 619 0
399 619 0
3 1307 185 50 1 0 10 2 1267 185 1
1347 185 1
7 814 574 50 1 0 10 4 784 574 0
844 574 1
814 604 0
814 544 1
