17
1 187 286 50 1 0 10 2 147 286 1
227 286 1
1 753 623 50 1 1 10 2 713 623 0
793 623 0
5 634 620 50 1 0 10 2 594 620 1
674 620 1
6 415 757 50 1 0 10 2 375 757 1
455 757 1
2 385 463 50 1 1 10 2 345 463 0
425 463 0
4 535 405 50 1 1 10 4 535 387 0
551 405 0
535 423 0
519 405 0
6 733 646 50 1 1 10 2 693 646 0
773 646 0
7 668 604 50 1 1 10 4 638 604 0
698 604 0
668 634 0
668 574 0
2 880 538 50 1 1 10 2 840 538 0
920 538 0
3 1043 730 50 2 1 10 2 1043 690 0
1043 770 0
5 359 619 50 1 0 10 2 319 619 1
399 619 1
3 449 292 50 1 0 10 2 409 292 1
489 292 1
4 161 810 50 1 1 10 4 161 792 0
177 810 0
161 828 0
145 810 0
7 416 948 50 1 0 10 4 386 948 1
446 948 1
416 978 0
416 918 0
4 725 831 50 1 0 10 4 725 813 1
741 831 0
725 849 1
709 831 1
4 84 833 50 1 1 10 4 84 815 0
100 833 0
84 851 0
68 833 0
4 108 834 50 1 0 10 4 108 816 1
124 834 1
108 852 1
92 834 0
